     44 py
      8 txt
      3 save
      3 bak
      3 1759068809
      2 1759019775
      2 1759019766
      2 1
      1 sh
      1 pt
      1 mako
      1 ini
      1 example
      1 env
      1 20250923-063613
      1 1759117155
      1 1759075677
      1 1759075672
      1 1759075049
      1 1759070599
      1 1758977935
      1 1758743172
      1 1758704569
      1 1758702299
      1 1758591730
      1 1758591485
      1 1758554951
      1 1758553074
      1 1758552223
      1 1758550689
      1 1758550068
      1 1758426156
